100
-4.6219018623100645
-9.524143168404072
-4.595247574407341
-4.240154466397653
-4.44595640932001
-14.42677770208019
-4.01847968466845
-4.878548346243028
-4.790541134187929
-4.465898241439716
-5.33726482072506
-4.369899162855258
-3.9824133531276082
-4.439268799149307
-10.594141281922775
-3.6746175600617343
-4.113574773558691
-14.42677770208019
-4.1032520449280625
-14.426467532369054
-3.9878694668862207
-4.50486779483788
-14.42677770208019
-4.454231028306818
-4.697452337814828
-4.664948892955124
-4.433501703055664
-3.6237522737863763
-4.202189849111575
-14.42677770208019
-4.7244824717721094
-4.572727107347514
-14.42677770208019
-7.249682264597393
-11.294312529538836
-5.003801650833564
-4.2633658308798426
-4.333877238968628
-4.639621882174517
-6.8959722592312716
-4.132981218438885
-3.914135807682707
-4.466223913199943
-14.42677770208019
-4.919446738657931
-5.155991242048278
-5.943724639376972
-4.580208963871515
-4.81231138460642
-3.842570027944075
-4.330747951631622
-6.2145156249873095
-4.992208792338365
-4.606405082215096
-6.240599749644348
-3.694538823705457
-4.630319362129404
-3.631851595006364
-3.6386552261781
-5.158567073632142
-4.570374552531682
-4.683226435307752
-4.615562467077985
-4.3729695304656335
-4.432925666891957
-4.350025386064554
-4.141344182250465
-4.656503898678679
-4.845770168106576
-4.451576275403303
-5.3578567004433735
-4.73134472832825
-5.19290303474117
-4.231450357212604
-4.697216778202243
-4.00398190119382
-4.546412727767767
-4.953310953724563
-4.399337285073782
-4.8412451062695405
-14.42677770208019
-4.461888288876435
-3.6011474624008804
-5.53614976293463
-4.21005082023866
-4.143616196728125
-4.2458012007780646
-4.1983278526551935
-14.42677770208019
-4.704244146423559
-4.131453170616491
-14.42677770208019
-4.24052877040706
-4.769985326145846
-14.42677770208019
-4.033222912881374
-10.242140334045091
-4.936110595605383
-14.42677770208019
-4.813672569216874
